WER: 0.19067492882264278
CER: 0.07694957927516068