WER: 0.27722157868608305
CER: 0.11652265190008215