WER: 0.2085057090848916
CER: 0.11011805154105943